
0
0
0
0
0
15
26
18
24
26
26
27
27
28
26
24
31
39
160
358
382
387
406
417
376
419
418
425
448
450
455
0
0
0
0
0
434
433
442
459
457
476
482
484
494
459
490
266
356
361
368
375
381
329
387
397
396
401
446
426
433
436
437
440
446
448
450
463
464
465
471
464
471
479
480
480
480
489
483
483
488
493
493
493
497
500
499
498
499
501
503
504
505
506
507
509
508
511
512
517
514
514
518
515
516
520
524
521
524
524
528
528
526
523
527
518
524
526
527
528
525
498
498
511
517
519
518
522
521
521
528
529
528
532
532
533
535
536
539
539
543
535
539
536
533
535
534
536
537
538
535
533
537
540
540
538
538
542
543
543
545
542
547
544
546
548
548
544
547
543
548
547
544
545
394
381
370
372
364
361
361
366
366
360
365
360
365
367
366
369
372
371
375
377
377
378
396
396
396
402
399
391
403
402
402
383
384
383
382
383
383
382
384
390
389
385
385
384
389
377
61
45
430
341
420
412
417
420
426
427
431
433
434
440
438
441
441
445
448
448
449
452
453
455
457
456
456
457
457
457
458
460
460
462
461
463
463
463
463
463
464
463
464
464
463
465
465
463
